%  columns="iteration, evaluation, sigma, axis ratio, bestever, best, median, worst fitness function value, further objective values of best" (startseed=212616, 2014/06/24 16:47:19.17)
1 8 4.858895e+00 1.030244e+00 -2.245166782305340725e-10 -2.869145698791144266e-27 -8.224752651301133608e-95 -7.784665817521875579e-305 0.438963
2 15 4.149099e+00 1.090514e+00 -2.245166782305340725e-10 -1.480932572645193581e-27 -1.207999350743722621e-202 -0.000000000000000000e+00 0.438963
3 22 4.193133e+00 1.309320e+00 -7.486310291692906001e-09 -7.486310291692906001e-09 -3.249244192835471536e-90 -3.412034069959901395e-190 0.438963
4 29 3.456608e+00 1.316696e+00 -8.409691431348388049e-09 -8.409691431348388049e-09 -2.230096687817645469e-25 -6.988871366277329862e-119 0.438963
5 36 2.559980e+00 1.285592e+00 -8.409691431348388049e-09 -4.021696362514405504e-15 -7.649762205205999919e-37 -2.493419711037867018e-172 0.438963
6 43 2.236887e+00 1.234247e+00 -8.409691431348388049e-09 -2.948225296149567320e-09 -3.229207758199215174e-11 -3.258550232287008992e-29 0.438963
7 50 1.890301e+00 1.219859e+00 -8.409691431348388049e-09 -5.386059641676279401e-09 -3.158134340135476771e-13 -2.813731408055108759e-54 0.438963
8 57 1.699715e+00 1.212849e+00 -3.412712838980920073e-08 -3.412712838980920073e-08 -1.848694925071619439e-09 -2.244398160722766952e-18 0.438963
9 64 1.365725e+00 1.228373e+00 -3.412712838980920073e-08 -2.421256169653396176e-08 -6.257852001362733398e-09 -4.308640560973849752e-19 0.438963
10 71 1.095343e+00 1.246821e+00 -5.933173205996981233e-08 -5.933173205996981233e-08 -1.921940029552300914e-09 -7.405930513142294621e-16 0.438963
11 78 9.792307e-01 1.333622e+00 -9.871660145602626485e-08 -9.871660145602626485e-08 -2.176850214143778122e-08 -2.286510761383160053e-10 0.438963
12 85 1.050955e+00 1.320717e+00 -9.871660145602626485e-08 -4.482143029561262542e-08 -2.513818215881150922e-08 -6.946015088528894657e-09 0.438963
13 92 1.136675e+00 1.352186e+00 -9.871660145602626485e-08 -6.845539627740088847e-08 -1.199916143656440620e-08 -2.587401617344680630e-11 0.438963
14 99 1.093194e+00 1.381188e+00 -9.871660145602626485e-08 -1.678585677657225940e-08 -8.264352166306305059e-09 -7.605416515697595174e-14 0.438963
15 106 9.911058e-01 1.257699e+00 -9.871660145602626485e-08 -2.204323783894495756e-08 -2.567236935136495361e-10 -7.032358240572855946e-12 0.438963
16 113 1.139445e+00 1.353440e+00 -9.871660145602626485e-08 -9.801114683440474168e-09 -1.816383527630561914e-09 -1.133644407391761829e-10 0.438963
17 120 1.227936e+00 1.535067e+00 -9.871660145602626485e-08 -2.003035948745010357e-08 -2.825828716656300462e-10 -2.986972888486844060e-14 0.438963
18 127 1.168501e+00 1.797130e+00 -9.871660145602626485e-08 -3.691121334706772393e-08 -9.173890698675725058e-09 -5.726687140034789851e-10 0.438963
19 134 9.984829e-01 1.743881e+00 -9.871660145602626485e-08 -7.076007268870645149e-08 -2.546007460853478501e-08 -9.929517522242612883e-12 0.438963
20 141 8.210827e-01 1.825525e+00 -9.871660145602626485e-08 -5.885403450027741474e-08 -2.101494324475623328e-08 -2.878661198026485233e-09 0.438963
21 148 8.582244e-01 1.672003e+00 -1.070387782587457470e-07 -1.070387782587457470e-07 -2.263734069896287488e-08 -4.983481071714471045e-10 0.438963
22 155 7.027537e-01 1.595732e+00 -1.070387782587457470e-07 -8.411505539458395579e-08 -2.114942171165794614e-08 -1.472000811455954649e-08 0.438963
23 162 7.172939e-01 1.790954e+00 -1.070387782587457470e-07 -6.890598902520491610e-08 -3.748137005059919599e-08 -6.947255029631140358e-10 0.438963
24 169 9.376361e-01 2.469203e+00 -1.070387782587457470e-07 -8.878215857791321367e-08 -5.329100643950265793e-08 -5.170501139319420109e-11 0.438963
25 176 9.094990e-01 2.554263e+00 -1.070387782587457470e-07 -4.293921057974446688e-08 -1.397095411230174744e-08 -6.754387021552848421e-10 0.438963
26 183 9.455415e-01 2.672263e+00 -1.070387782587457470e-07 -5.174623044153684759e-08 -3.857769743524436354e-09 -1.655149757967188997e-11 0.438963
27 190 8.160002e-01 2.598729e+00 -1.070387782587457470e-07 -1.936674219255545507e-08 -1.830801250770050671e-09 -5.041082921483658685e-13 0.438963
28 197 7.066818e-01 2.483380e+00 -1.070387782587457470e-07 -9.836319910825769212e-08 -1.993642605945571827e-08 -8.639861883309397928e-10 0.438963
29 204 6.510339e-01 2.248073e+00 -1.070387782587457470e-07 -6.425257240876463608e-08 -4.279005123150265527e-08 -2.568146938616462764e-12 0.438963
30 211 5.807025e-01 2.219954e+00 -1.070387782587457470e-07 -9.509621282725649620e-08 -5.477225224969978394e-08 -1.367238827003358531e-08 0.438963
31 218 6.051676e-01 2.633431e+00 -1.115633334902800818e-07 -1.115633334902800818e-07 -4.781043232558373661e-08 -8.566442533089035214e-09 0.438963
32 225 8.216515e-01 3.969473e+00 -1.122202051097729529e-07 -1.122202051097729529e-07 -7.534330458680935731e-08 -6.454136541298586480e-08 0.438963
33 232 7.718585e-01 3.997624e+00 -1.122202051097729529e-07 -5.138173155459821041e-08 -3.619271395194654379e-08 -4.388931936405098290e-14 0.438963
34 239 7.197817e-01 3.829019e+00 -1.122202051097729529e-07 -1.014686008143734331e-07 -2.307965137189855726e-08 -1.857951696090780515e-09 0.438963
35 246 6.860207e-01 4.024202e+00 -1.122202051097729529e-07 -6.472131892679211375e-08 -3.184323768788662880e-08 -1.640754437516862111e-08 0.438963
36 253 7.342794e-01 3.996738e+00 -1.122202051097729529e-07 -7.684841635894841061e-08 -1.268358171774004989e-08 -1.470806917083522606e-09 0.438963
37 260 7.821359e-01 4.620016e+00 -1.122202051097729529e-07 -5.490742032437877610e-08 -3.340415423836896336e-08 -4.970237648407838278e-09 0.438963
38 267 6.737167e-01 4.806896e+00 -1.203437437303474384e-07 -1.203437437303474384e-07 -3.537387002685211032e-08 -1.033536184925446702e-08 0.438963
39 274 6.755149e-01 5.411484e+00 -1.203437437303474384e-07 -9.465612388443690993e-08 -2.504451396618212771e-08 -1.368168648540412745e-08 0.438963
40 281 5.379267e-01 5.392261e+00 -1.295077463051231341e-07 -1.295077463051231341e-07 -6.536233746536431320e-08 -1.924612958803845950e-08 0.438963
41 288 5.610867e-01 5.065261e+00 -1.295077463051231341e-07 -1.082020689967118881e-07 -6.033738869627857669e-08 -1.375866994950298935e-08 0.438963
42 295 4.850062e-01 5.060078e+00 -1.295077463051231341e-07 -1.173858952995844157e-07 -6.129647729444362603e-08 -3.035541131105822350e-08 0.438963
43 302 4.268486e-01 4.918318e+00 -1.379849139915624204e-07 -1.379849139915624204e-07 -7.668431306114135027e-08 -6.789825527643952271e-09 0.438963
44 309 3.174970e-01 4.912612e+00 -1.398540190886809538e-07 -1.398540190886809538e-07 -8.922895174415644690e-08 -6.775137416247481006e-09 0.438963
45 316 2.906672e-01 4.791310e+00 -1.398540190886809538e-07 -1.313878213191858349e-07 -9.019906565674940119e-08 -5.739961410035713246e-08 0.438963
46 323 2.795600e-01 5.162783e+00 -1.398540190886809538e-07 -1.344870127160269098e-07 -1.206740195913424486e-07 -8.765250562437695841e-08 0.438963
47 330 2.302666e-01 5.036329e+00 -1.406323177531395271e-07 -1.406323177531395271e-07 -1.296084615513625276e-07 -1.156103348833988327e-07 0.438963
48 337 2.132206e-01 4.905452e+00 -1.406323177531395271e-07 -1.348251647946317608e-07 -1.283994048871047461e-07 -9.881446219291263615e-08 0.438963
49 344 2.119360e-01 4.212395e+00 -1.406323177531395271e-07 -1.399597724226095767e-07 -1.268080019104381378e-07 -1.029938433892344978e-07 0.438963
50 351 1.652538e-01 4.243933e+00 -1.406323177531395271e-07 -1.392613009997523475e-07 -1.289612752443354193e-07 -1.178436728770269209e-07 0.438963
51 358 1.234017e-01 4.261347e+00 -1.406323177531395271e-07 -1.404039258443364282e-07 -1.384566000075198909e-07 -1.359582304562542898e-07 0.438963
52 365 1.084361e-01 4.259460e+00 -1.406323177531395271e-07 -1.403542121043646123e-07 -1.379994397645305036e-07 -1.366303069211679159e-07 0.438963
53 372 9.617804e-02 4.162739e+00 -1.406323177531395271e-07 -1.401002656469738755e-07 -1.397688169286182938e-07 -1.354539891046323418e-07 0.438963
54 379 7.687062e-02 4.099175e+00 -1.406323177531395271e-07 -1.402719911293062969e-07 -1.393900221448003682e-07 -1.384002072256096657e-07 0.438963
55 386 6.366489e-02 3.997407e+00 -1.406323177531395271e-07 -1.405350210254261333e-07 -1.401286810691393071e-07 -1.387197968599957693e-07 0.438963
56 393 5.249973e-02 3.883127e+00 -1.406323177531395271e-07 -1.406000566695506858e-07 -1.405181700692763061e-07 -1.399971001051046374e-07 0.438963
57 400 4.338087e-02 3.896502e+00 -1.406696765959467764e-07 -1.406696765959467764e-07 -1.404441007965392244e-07 -1.396678279974940151e-07 0.438963
58 407 3.977427e-02 3.692171e+00 -1.406696765959467764e-07 -1.406572781075029759e-07 -1.405684693705318355e-07 -1.399380483786219085e-07 0.438963
59 414 3.811413e-02 4.145331e+00 -1.406696765959467764e-07 -1.406388136322227212e-07 -1.405686866984925037e-07 -1.405029360516744927e-07 0.438963
60 421 2.934395e-02 4.160364e+00 -1.406817193281487712e-07 -1.406817193281487712e-07 -1.405612817237431964e-07 -1.404398102895784140e-07 0.438963
61 428 2.193621e-02 4.123235e+00 -1.406817193281487712e-07 -1.406717066874781413e-07 -1.406517558489902741e-07 -1.403385994482253493e-07 0.438963
62 435 2.258728e-02 4.217467e+00 -1.407026644016607850e-07 -1.407026644016607850e-07 -1.406783046456198962e-07 -1.406339771565126402e-07 0.438963
63 442 2.427485e-02 3.785434e+00 -1.407026644016607850e-07 -1.407016642699004944e-07 -1.406838617410495806e-07 -1.406645532953815801e-07 0.438963
64 449 2.497834e-02 4.239881e+00 -1.407072856587544824e-07 -1.407072856587544824e-07 -1.406805912908540803e-07 -1.406387778796098919e-07 0.438963
65 456 2.252519e-02 4.444164e+00 -1.407072856587544824e-07 -1.407003507675117819e-07 -1.406864682689401575e-07 -1.406628453504235262e-07 0.438963
66 463 2.422045e-02 4.582879e+00 -1.407072856587544824e-07 -1.407056480466756544e-07 -1.406970301105321438e-07 -1.406672533172180370e-07 0.438963
67 470 1.946609e-02 4.514821e+00 -1.407097832071452964e-07 -1.407097832071452964e-07 -1.406995731988086073e-07 -1.406240698730249883e-07 0.438963
68 477 1.906816e-02 4.292103e+00 -1.407097832071452964e-07 -1.407089817850925811e-07 -1.406887501466521509e-07 -1.406769229529610790e-07 0.438963
69 484 1.597665e-02 4.158992e+00 -1.407107107508702252e-07 -1.407107107508702252e-07 -1.406984460493561965e-07 -1.406714082900460251e-07 0.438963
70 491 1.350283e-02 4.122046e+00 -1.407107107508702252e-07 -1.407103345042767916e-07 -1.407040098399389868e-07 -1.406943895622203528e-07 0.438963
71 498 1.082000e-02 4.065153e+00 -1.407107107508702252e-07 -1.407098989037493151e-07 -1.407060319798565769e-07 -1.406969778049442789e-07 0.438963
72 505 8.433615e-03 4.042515e+00 -1.407113510828546697e-07 -1.407113510828546697e-07 -1.407092005775212285e-07 -1.407014703248400152e-07 0.438963
73 512 7.191722e-03 4.124803e+00 -1.407115686996636050e-07 -1.407115686996636050e-07 -1.407089506251295555e-07 -1.407075866406026788e-07 0.438963
74 519 6.800482e-03 4.181883e+00 -1.407115686996636050e-07 -1.407112821955693054e-07 -1.407110197057142197e-07 -1.407103227751132565e-07 0.438963
75 526 5.881852e-03 4.116446e+00 -1.407115686996636050e-07 -1.407112725078694433e-07 -1.407110910133975543e-07 -1.407086700595599557e-07 0.438963
76 533 4.402543e-03 4.128034e+00 -1.407115686996636050e-07 -1.407115514284249589e-07 -1.407111901602501330e-07 -1.407093703407102002e-07 0.438963
77 540 3.883555e-03 4.322751e+00 -1.407115686996636050e-07 -1.407114675176729159e-07 -1.407111236034693029e-07 -1.407107805594203866e-07 0.438963
78 547 3.385500e-03 4.470944e+00 -1.407115686996636050e-07 -1.407115301891018380e-07 -1.407113022834231059e-07 -1.407108946719532830e-07 0.438963
79 554 3.209842e-03 4.042252e+00 -1.407115686996636050e-07 -1.407115216939769847e-07 -1.407112830869691767e-07 -1.407109612603432651e-07 0.438963
80 561 2.746094e-03 4.030989e+00 -1.407115686996636050e-07 -1.407115622833116054e-07 -1.407114182421583049e-07 -1.407113658257657986e-07 0.438963
81 568 3.121087e-03 4.860395e+00 -1.407115845581892026e-07 -1.407115845581892026e-07 -1.407115043937258190e-07 -1.407113603616190157e-07 0.438963
82 575 2.897176e-03 5.093136e+00 -1.407115845581892026e-07 -1.407115810956618746e-07 -1.407114781927915631e-07 -1.407114305678055914e-07 0.438963
83 582 2.463173e-03 5.217714e+00 -1.407115934470560244e-07 -1.407115934470560244e-07 -1.407115203112913336e-07 -1.407112917124745823e-07 0.438963
84 589 2.363934e-03 5.276157e+00 -1.407115934470560244e-07 -1.407115838779778855e-07 -1.407114943775417095e-07 -1.407114346430574687e-07 0.438963
85 596 1.781565e-03 5.263426e+00 -1.407115934470560244e-07 -1.407115907652117000e-07 -1.407115764611616024e-07 -1.407114872529344025e-07 0.438963
86 603 1.384306e-03 5.215275e+00 -1.407115934470560244e-07 -1.407115915570555009e-07 -1.407115692445684232e-07 -1.407115566275797077e-07 0.438963
87 610 1.214146e-03 5.090971e+00 -1.407115934470560244e-07 -1.407115907959365761e-07 -1.407115751672271106e-07 -1.407115423980299165e-07 0.438963
88 617 1.310593e-03 5.880743e+00 -1.407115950415440904e-07 -1.407115950415440904e-07 -1.407115887735294504e-07 -1.407115621040330587e-07 0.438963
89 624 1.039235e-03 5.869623e+00 -1.407115950415440904e-07 -1.407115949096832157e-07 -1.407115843509260902e-07 -1.407115808754456961e-07 0.438963
90 631 9.545161e-04 6.294129e+00 -1.407115950415440904e-07 -1.407115941345190817e-07 -1.407115904592954808e-07 -1.407115812815993972e-07 0.438963
91 638 7.451246e-04 6.270621e+00 -1.407115959784023935e-07 -1.407115959784023935e-07 -1.407115939572951458e-07 -1.407115910111648157e-07 0.438963
92 645 5.835863e-04 6.267795e+00 -1.407115959784023935e-07 -1.407115958903267959e-07 -1.407115934103125293e-07 -1.407115907379422683e-07 0.438963
93 652 5.302273e-04 5.750418e+00 -1.407115962202926098e-07 -1.407115962202926098e-07 -1.407115951111335115e-07 -1.407115917625424381e-07 0.438963
94 659 4.255565e-04 5.474781e+00 -1.407115962202926098e-07 -1.407115961104160253e-07 -1.407115952144817749e-07 -1.407115941349656798e-07 0.438963
